13,19.974414,14.357504,8.733333,167.434127,8.423106,13.222719,1
18,16.78708,13.736033,8.733333,137.327563,8.177913,13.222719,1
20,18.941295,14.392386,8.733333,130.00815,3.88341,19.327424,1
21,19.437846,9.83611,4.749161,145.38291,2.849437,24.652787,1
26,13.553224,11.366102,5.639167,195.953045,9.617794,17.943211,1
31,16.118277,10.590691,6.418728,38.607963,3.449774,20.577727,1
36,14.642074,12.351867,8.606421,30.389416,6.834938,13.263466,1
39,17.393175,14.253331,8.733333,26.222941,3.160027,13.222719,1
43,14.549269,11.482752,7.15583,2.195818,0.668559,13.89649,1
61,18.49413,11.269006,8.646427,124.052007,8.851257,24.653839,1
66,16.792895,14.389371,8.733333,171.714106,4.87728,13.222719,1
89,20.255351,5.706688,4.835485,21.948474,5.567414,24.092859,1
113,6.426162,3.434655,-8.513265,41.520607,0.029872,23.268835,1
116,15.759182,12.387255,8.724978,134.292578,5.736002,14.175797,1
118,17.018116,14.942021,8.733333,33.953413,9.329866,13.585059,1
123,6.631664,0.069513,-8.661248,6.587979,7.437865,13.245825,1
125,16.376308,12.259548,8.733333,161.012646,7.490523,13.222719,1
132,13.863501,13.659714,8.47116,174.295304,9.908539,14.083613,1
141,19.784721,12.795467,8.733333,151.753253,9.623206,13.823161,1
158,18.097886,13.500808,8.733333,149.831946,8.665803,13.222719,1
159,16.728004,5.538702,4.792802,7.836897,21.572382,24.375403,1
161,20.035521,11.703781,8.631714,152.734665,19.721015,20.619238,1
163,5.833761,3.625369,-8.465044,36.768589,0.310048,16.530173,1
177,19.481835,9.736732,4.733317,151.32614,0.782992,24.753023,1
178,17.341124,10.975836,8.542115,199.096212,19.497172,24.339768,1
179,15.121503,9.716189,4.729755,192.486281,5.43271,24.775509,1
191,16.499008,13.94079,8.733333,142.482961,3.074693,13.222719,1
217,6.680307,3.388827,-8.524302,179.688827,5.634415,13.289996,1
225,15.095234,13.573215,8.667792,190.820557,19.798581,19.046375,1
234,19.739978,10.668237,6.763737,183.005182,7.543151,14.115505,1
242,8.42816,3.937234,-5.395471,145.41592,9.262127,19.989297,1
244,5.348179,0.438304,-8.727003,156.089189,0.528601,13.224745,1
249,5.165023,3.559254,-8.48226,18.220035,3.759871,13.304278,1
259,20.334747,5.51155,4.782299,152.421942,5.918233,24.44244,1
264,12.363351,11.942758,7.566711,32.314515,21.106373,13.686909,1
270,21.825002,10.818412,7.517348,35.795031,21.706961,15.245545,1
274,19.595047,11.685776,8.621426,160.593063,9.172565,13.471186,1
275,14.521653,10.725556,5.800858,199.895572,8.363282,16.492513,1
276,19.149088,13.555808,8.733333,196.195632,4.691949,13.222719,1
277,15.472489,13.363838,8.705832,25.407388,8.424636,13.231523,1
279,18.316035,10.481187,5.963657,4.726493,10.391063,19.716233,1
281,9.324615,0.458114,-5.030455,22.161864,21.468586,22.76155,1
289,19.218792,12.082341,8.733333,24.805183,20.359612,13.837892,1
297,16.273963,14.68021,8.733333,137.055937,10.484643,20.307393,1
307,12.687214,12.272228,8.468529,124.984706,9.631009,23.941512,1
308,15.945527,12.263206,8.731688,147.712084,6.165062,13.223246,1
309,18.699423,10.836594,7.62125,161.022484,21.675419,13.660876,1
324,16.923388,12.050466,8.733333,170.985188,1.69354,13.222719,1
346,20.347319,6.342534,4.721335,138.563683,8.346136,24.828574,1
348,17.206082,14.141055,8.733333,165.59551,9.239128,13.518298,1
363,18.072438,13.227998,8.733333,151.04408,8.055574,13.222719,1
364,21.750335,10.03763,4.797118,196.09097,4.986074,24.347808,1
368,17.348356,14.724569,8.733333,151.375094,1.869356,13.222719,1
370,16.627136,12.832842,8.733333,171.433742,9.015963,13.368095,1
371,15.74136,9.671468,4.723325,197.655428,2.71439,24.816042,1
372,17.007246,5.644083,4.834722,185.896894,9.746365,24.097966,1
381,8.906869,3.777092,-5.434591,149.701791,1.685042,19.674427,1
392,20.733657,13.194806,8.733333,159.324937,3.109393,13.222719,1
393,15.006489,12.266408,8.657195,149.17498,1.498958,13.247127,1
415,19.880241,10.775384,7.285944,199.865896,10.904173,24.546474,1
423,6.902296,1.362349,-8.640678,136.637757,3.94612,13.252436,1
424,8.639058,3.997072,-5.377974,192.422759,2.405947,20.131265,1
447,17.043471,10.129981,4.895781,165.441817,6.797364,23.686036,1
454,17.554694,6.365236,4.71793,21.013754,4.690725,24.850003,1
462,18.053582,10.826371,7.562424,151.57683,4.692268,13.688962,1
472,17.370625,11.4825,8.510094,17.180539,2.806739,13.294599,1
477,19.659728,10.250449,5.138845,176.877788,3.517115,21.969847,1
479,15.715753,6.385933,4.714873,156.344523,0.394248,24.869225,1
480,20.569537,9.666642,4.722727,29.693005,2.632858,24.819807,1
484,18.689239,14.177612,8.733333,168.799902,10.865401,24.190485,1
496,20.952144,6.242379,4.736408,194.461111,5.351929,24.733502,1
498,14.459421,12.493752,8.577683,172.019775,21.598033,13.272735,1
503,21.406786,13.049115,8.733333,186.718383,21.712389,13.222719,1
507,17.393184,14.097442,8.733333,177.527373,1.857308,13.222719,1
514,19.588923,10.815699,7.502121,199.076355,10.526945,20.769942,1
516,21.387834,14.905569,8.733333,21.687286,3.207725,13.222719,1
527,19.383456,13.992804,8.733333,6.054033,5.472955,13.222719,1
528,19.512688,14.591113,8.733333,139.262893,7.024635,13.222719,1
538,18.359474,10.071467,4.824627,13.232025,8.562242,24.165454,1
546,19.019855,11.323999,8.615687,22.786128,2.614772,13.26048,1
549,15.440066,10.316941,5.325244,10.1293,5.37011,20.554969,1
561,17.311574,12.325818,8.733333,21.609207,8.446097,13.222719,1
565,15.722864,11.536716,8.52406,161.080863,10.144664,16.15719,1
566,19.30185,5.951873,4.787367,140.170015,2.001157,24.410117,1
568,11.971569,11.326156,5.100902,10.43843,4.122424,22.248254,1
571,15.14496,11.856108,8.673627,191.706719,6.925237,13.24185,1
580,18.930672,14.848082,8.733333,33.738056,20.812197,13.481514,1
588,20.920473,12.383757,8.733333,130.101527,3.179592,19.228462,1
589,12.505512,11.849445,6.581448,145.325906,8.150687,14.223458,1
595,20.655274,10.179785,4.980457,185.258854,8.756114,23.106457,1
601,17.415825,12.76069,8.733333,11.190506,8.351316,13.222719,1
610,19.252898,12.981579,8.733333,17.079566,2.65118,13.222719,1
620,19.495902,12.677673,8.733333,41.40639,1.491281,23.137884,1
621,15.011286,11.079604,8.657774,155.005563,19.748224,20.088903,1
623,10.77156,3.701018,-4.740426,156.51013,5.91903,24.708101,1
631,12.679571,11.535436,5.488821,165.912361,4.513988,19.233471,1
636,6.429434,1.812894,-8.675279,139.826712,4.479032,13.24132,1
654,17.228078,9.527969,4.703766,164.465244,5.299906,24.938949,1
668,15.865965,9.604677,4.713501,24.182477,2.904854,24.877849,1
679,18.710769,13.968021,8.733333,6.414569,6.103652,13.222719,1
680,15.807784,10.929925,8.20707,165.428465,0.134372,13.406072,1
685,18.618987,14.765975,8.733333,187.535376,5.335359,13.222719,1
686,17.933271,12.884082,8.733333,9.557458,20.607039,13.633754,1
692,9.223955,0.463343,-5.072842,159.24907,5.935856,22.455091,1
709,17.696603,13.477292,8.733333,23.513097,6.858609,13.222719,1
714,17.752562,14.992374,8.733333,24.772101,8.709161,13.222719,1
718,13.453432,11.459356,5.51641,150.907328,6.337554,19.006787,1
726,6.918265,2.635035,-8.639412,187.663168,6.696879,13.252844,1
729,16.347682,10.130868,4.897048,190.950974,4.18056,23.677419,1
733,13.063726,11.183191,5.157117,13.71647,2.602774,21.834791,1
744,5.428843,0.806316,-8.724333,22.492476,5.32261,13.225599,1
747,16.625845,13.45787,8.733333,184.158022,6.6178,13.222719,1
761,16.139457,9.46605,4.696403,18.374367,4.10871,24.98507,1
768,17.660428,12.387133,8.733333,31.044324,21.788476,13.222719,1
777,19.996004,10.945642,8.318754,160.093675,3.166918,13.363698,1
779,13.527885,11.720656,5.652863,27.460732,7.433134,17.822727,1
793,19.819084,13.357135,8.733333,160.288348,21.659712,13.222719,1
795,12.368668,11.015116,4.814831,16.663189,4.704414,24.230772,1
800,15.701721,14.145122,8.721732,160.904175,20.926336,13.404672,1
813,19.974414,14.357504,8.733333,167.434127,8.423106,13.222719,1
818,16.78708,13.736033,8.733333,137.327563,8.177913,13.222719,1
820,18.941295,14.392386,8.733333,130.00815,3.88341,19.327424,1
821,19.437846,9.83611,4.749161,145.38291,2.849437,24.652787,1
826,13.553224,11.366102,5.639167,195.953045,9.617794,17.943211,1
831,16.118277,10.590691,6.418728,38.607963,3.449774,20.577727,1
836,14.642074,12.351867,8.606421,30.389416,6.834938,13.263466,1
839,17.393175,14.253331,8.733333,26.222941,3.160027,13.222719,1
843,14.549269,11.482752,7.15583,2.195818,0.668559,13.89649,1
861,18.49413,11.269006,8.646427,124.052007,8.851257,24.653839,1
866,16.792895,14.389371,8.733333,171.714106,4.87728,13.222719,1
889,20.255351,5.706688,4.835485,21.948474,5.567414,24.092859,1
913,6.426162,3.434655,-8.513265,41.520607,0.029872,23.268835,1
916,15.759182,12.387255,8.724978,134.292578,5.736002,14.175797,1
918,17.018116,14.942021,8.733333,33.953413,9.329866,13.585059,1
923,6.631664,0.069513,-8.661248,6.587979,7.437865,13.245825,1
925,16.376308,12.259548,8.733333,161.012646,7.490523,13.222719,1
932,13.863501,13.659714,8.47116,174.295304,9.908539,14.083613,1
166,12.919736,1.979599,-4.405282,198.848602,11.603547,43.137171,2
83,11.003418,8.778961,-0.0,171.751807,9.263526,40.0,2
650,5.967357,3.082413,-8.593288,38.180571,20.993375,25.13913,2
2,14.698109,13.586879,8.614814,86.302237,4.168373,40.0,2
754,20.452978,4.981393,4.568099,39.455788,21.844426,39.163365,2
220,20.83368,6.53548,4.696226,119.329421,17.95172,48.585849,2
301,17.417359,0.894283,-4.333333,38.68675,10.374493,36.877039,2
760,11.77238,11.421388,5.297503,138.768634,17.818104,37.424367,2
376,16.731653,1.809174,-4.333333,41.546124,12.520443,48.947076,2
915,19.459042,2.28567,-4.336124,26.762197,1.924314,27.107022,2
71,13.477877,12.610759,8.393752,115.210691,1.549892,29.784412,2
825,19.304493,10.181027,4.982862,11.530872,16.143004,46.018998,2
90,17.998655,8.517325,4.666667,53.976733,20.175248,42.607589,2
737,21.498653,8.95817,4.666667,127.17664,11.361513,42.461986,2
427,11.960151,6.601277,-0.0,1.166865,21.995436,40.0,2
791,18.731472,8.243102,4.666667,6.955348,13.112477,44.46997,2
196,15.658775,4.595242,2.783609,51.367071,1.85615,47.403867,2
926,16.255938,13.030421,8.733333,90.274971,3.038649,39.884135,2
512,15.298598,9.709672,4.728601,131.771296,9.633674,30.093322,2
751,11.66176,6.840865,-0.0,183.459761,7.724166,40.0,2
171,3.901165,3.521699,0.0,186.995817,5.371804,40.0,2
126,16.255938,13.030421,8.733333,90.274971,3.038649,39.884135,2
1,18.907009,12.220855,8.733333,134.454047,17.972046,34.192304,2
326,20.333106,5.988867,4.779939,177.084019,18.370604,38.078072,2
325,4.983178,0.907068,0.0,6.97314,10.432734,44.196037,2
773,5.899208,0.72671,-8.705717,8.450685,12.652966,35.103164,2
713,11.448104,10.603761,3.737473,194.07458,7.830287,30.013619,2
69,4.716048,2.23941,0.0,145.036471,9.5353,40.0,2
426,6.922549,4.21508,-3.143848,188.067331,19.279722,43.696878,2
884,10.94509,8.245854,-0.0,157.805785,1.24989,40.0,2
182,8.459148,4.444812,-2.073231,23.125176,3.090988,35.426426,2
634,14.810487,8.701355,4.49927,114.365927,19.276055,45.276908,2
608,21.756723,14.833674,8.733333,191.286911,14.020738,40.0,2
798,3.232797,1.327912,0.0,147.895901,0.30348,40.0,2
262,15.17729,13.27752,8.677381,127.864752,15.718376,46.36948,2
228,8.731312,1.666788,-5.316367,62.221928,3.91147,39.780905,2
328,6.947512,6.251992,-0.0,7.276406,9.102939,40.0,2
567,13.453938,12.127711,8.388592,174.447101,12.413914,34.078675,2
358,18.649728,1.920216,-4.333333,46.730629,1.435276,39.26963,2
37,16.56864,10.422429,5.728301,79.421769,8.995116,41.948075,2
619,19.809285,8.619918,4.666667,14.719127,10.87804,35.884969,2
464,5.024967,2.290818,-8.716642,85.860497,3.140791,40.0,2
408,21.418714,0.504058,-4.333333,185.497601,18.46358,43.512103,2
198,14.027321,7.661573,3.686226,132.352983,0.692119,33.772628,2
460,16.613043,0.536441,-4.333333,140.164946,11.261237,40.134644,2
6,14.621462,1.463106,-4.36266,106.456614,0.354636,41.428771,2
814,21.567229,7.280635,4.666667,194.299928,1.862282,25.17049,2
147,7.502812,3.598742,-6.394582,160.452314,10.723474,31.524343,2
185,18.153602,10.301632,5.277444,116.038367,7.756322,33.548722,2
380,17.528408,8.744796,4.666667,149.506732,3.131474,25.17049,2
609,13.644188,0.007836,-4.406215,88.908433,1.624521,49.792018,2
616,13.86197,3.417644,-4.395568,189.363333,19.656435,35.114485,2
712,19.012416,8.099731,4.666667,192.858346,2.902845,25.17049,2
87,13.673311,11.358003,5.795235,150.445594,16.029435,41.34952,2
155,17.648442,7.362961,4.666667,182.037566,19.201886,37.052779,2
741,19.47827,13.424125,8.733333,159.190997,19.217802,27.576381,2
149,18.605329,2.758617,-4.350243,145.772774,1.882149,27.028026,2
618,17.132206,13.512787,8.733333,190.762605,12.338848,33.739983,2
377,21.397056,8.842612,4.666667,43.856718,19.25072,44.573941,2
602,16.73746,8.408393,4.666667,163.371035,7.019492,25.17049,2
224,15.080249,2.772245,-4.350893,146.991185,19.781442,32.680211,2
200,20.657168,11.922471,8.721061,55.756804,18.385694,48.27702,2
246,21.846521,10.954963,8.386298,87.310956,6.121874,40.0,2
547,3.983478,3.64178,0.0,195.712777,8.363146,40.0,2
719,13.658994,12.273061,8.430765,111.62361,5.507543,31.396429,2
263,15.2112,13.699302,8.681141,183.467208,14.942832,40.0,2
581,21.95501,7.716352,4.666667,150.338918,2.014279,25.17049,2
662,15.54714,7.355359,4.674568,195.191504,9.473094,25.121351,2
111,9.111009,6.758124,-0.0,165.314796,20.658068,40.0,2
57,20.243195,14.396159,8.733333,55.775122,10.26865,34.918227,2
313,19.578671,14.594618,8.733333,151.029181,11.990108,32.036958,2
531,13.625212,10.443995,3.801061,178.007247,17.480967,45.888623,2
319,17.164102,1.252047,-4.333333,186.436671,19.24874,41.72899,2
534,20.54213,7.955163,4.666667,22.789728,11.385905,37.49539,2
890,17.998655,8.517325,4.666667,53.976733,20.175248,42.607589,2
24,14.702373,14.009899,8.615446,23.223703,15.10784,40.0,2
51,6.10056,4.140376,-4.094402,128.463047,19.839021,41.33747,2
676,15.872579,9.31438,4.68104,139.650785,5.32119,25.081028,2
540,16.457049,7.800787,4.666667,56.364048,17.987967,49.722573,2
58,11.796009,5.105786,-0.0,149.323444,5.588173,40.0,2
856,14.557681,7.475461,4.238231,101.199891,20.441724,49.903183,2
170,6.286198,0.896693,-8.684409,80.700278,9.535566,40.0,2
864,17.507954,10.486151,5.983553,18.069348,12.852427,35.693471,2
570,6.31497,3.240284,-8.558911,91.928402,7.810733,39.200609,2
604,16.593324,10.450008,5.839837,138.870112,15.79998,41.157552,2
753,21.365156,14.930846,8.733333,194.838297,15.591502,40.0,2
386,19.534763,14.739951,8.733333,191.508623,12.569859,34.758546,2
808,17.223722,8.203223,4.666667,189.246031,11.338251,37.278451,2
448,1.648665,0.10073,0.0,135.172324,20.918426,40.0,2
637,20.497862,12.940661,8.733333,159.251589,11.43817,28.771821,2
222,16.89498,13.850695,8.733333,140.41329,18.911056,29.886601,2
221,8.545251,4.666534,-1.297187,180.398162,2.163421,37.275473,2
691,19.338935,2.008969,-4.333378,22.806007,10.771627,36.150897,2
869,4.716048,2.23941,0.0,145.036471,9.5353,40.0,2
108,21.790781,9.811186,4.744786,38.197288,19.532941,38.674387,2
157,21.211832,5.065791,4.669588,86.473558,3.073164,48.409389,2
672,13.393544,1.231068,-4.418301,179.495978,6.777692,26.644474,2
344,19.940415,11.067871,8.723248,46.8236,1.526087,28.04315,2
14,21.567229,7.280635,4.666667,194.299928,1.862282,25.17049,2
903,9.136223,4.668226,-1.140008,189.621747,11.519025,49.401727,2
633,18.696431,13.924696,8.733333,114.13657,0.599505,30.283286,2
435,17.144578,3.610606,-4.395907,158.516333,21.725852,26.771371,2
583,15.613932,8.820391,4.672405,188.363559,11.218967,36.681651,2
502,17.374042,8.11109,4.666667,111.895481,7.87874,37.745104,2
184,17.540713,2.834325,-4.353895,60.869789,2.098289,43.930348,2
776,21.092281,7.891537,4.666667,166.74579,7.849318,25.17049,2
490,21.041434,6.752065,4.676074,197.497515,0.04924,25.111972,2
572,16.581092,14.239559,8.733333,158.009071,15.988312,40.0,2
122,16.967291,14.428471,8.733333,110.435005,6.566988,31.905775,2
137,21.424109,13.039383,8.733333,117.403833,9.834161,28.707802,2
632,13.899315,8.721697,3.546727,164.436439,9.66095,30.794707,2
243,16.524733,12.015219,8.733333,70.823293,2.025512,40.0,2
146,10.803348,1.1395,-4.57593,198.471795,10.958299,36.948824,2
848,19.023338,9.694695,4.726229,113.871637,12.260439,49.589482,2
613,15.196907,7.915201,4.689062,159.235813,0.4931,25.030966,2
803,16.428095,1.904802,-4.333333,138.880782,2.721256,27.122605,2
395,10.717924,8.915344,-0.0,164.478801,6.775693,40.0,2
928,17.879886,5.99674,4.778407,157.928741,18.846442,36.597067,2
660,14.599302,6.677747,4.280733,107.705115,2.421067,41.210712,2
15,20.669863,12.004207,8.733333,11.386577,16.145213,39.496205,2
852,21.218071,10.19554,5.011175,44.253146,9.229389,34.4895,2
740,15.981214,3.189023,-4.370866,130.162427,20.812448,37.644371,2
842,18.491214,5.723377,4.833042,122.925392,10.158232,36.525665,2
465,13.146029,5.116869,2.543002,191.268932,1.148918,34.152204,2
585,11.168861,2.997942,-4.513965,165.811182,6.953566,26.095331,2
646,15.009977,0.742989,-4.349639,52.102301,10.039716,39.353443,2
103,9.136223,4.668226,-1.140008,189.621747,11.519025,49.401727,2
611,18.414888,9.188497,4.672195,11.46803,21.595117,25.136116,2
888,13.990594,11.305936,6.257891,21.972341,11.754403,30.744626,2
687,18.731353,11.783385,8.672293,10.795532,18.924185,29.804794,2
734,11.330041,11.044012,4.716686,59.880077,0.858505,41.581364,2
286,16.648049,9.148,4.670331,41.669197,18.178748,44.821347,2
849,15.555085,10.640472,6.63848,12.280288,18.714936,30.977739,2
320,20.689406,1.997565,-4.333333,167.017647,2.662002,27.122605,2
644,16.525549,9.220701,4.674168,181.70518,8.170329,25.123841,2
524,19.495888,11.45257,8.531563,51.978856,10.256824,33.183133,2
473,8.596651,2.82993,-5.395687,100.099778,3.722363,39.154626,2
723,13.516659,0.85057,-4.412908,179.675265,4.758077,26.675097,2
119,12.224244,1.172633,-4.379033,29.531155,7.503429,26.866534,2
683,17.016328,12.906608,8.733333,49.213913,6.694566,29.605214,2
481,21.308701,9.714264,4.729413,123.963185,20.946757,40.746162,2
597,6.500011,2.845656,-8.639526,116.218646,1.422097,29.298988,2
84,10.94509,8.245854,-0.0,157.805785,1.24989,40.0,2
11,16.895326,2.364196,-4.337934,4.971047,16.729597,46.806638,2
142,18.714225,9.330827,4.682613,199.043196,16.416069,46.463909,2
391,19.604846,13.594622,8.733333,124.560558,10.285374,28.369466,2
252,9.125805,8.202086,-0.0,168.27382,4.480882,40.0,2
245,20.422458,13.932812,8.733333,87.331328,10.805208,47.331552,2
233,20.841224,9.042646,4.667236,1.866502,21.056468,25.166954,2
642,15.726778,9.448251,4.694355,135.075064,12.470938,41.645907,2
867,18.865437,8.208233,4.666667,182.213411,4.817871,25.17049,2
62,11.633148,3.826427,-4.46262,120.052429,4.000482,38.454967,2
513,11.572862,8.158289,-0.0,180.269625,7.708368,40.0,2
698,14.678335,9.722976,4.362719,18.479692,16.472434,47.848638,2
606,16.665062,12.230958,8.733333,108.655989,2.169865,32.656907,2
673,17.159492,1.585641,-4.333333,99.929756,8.851999,44.790141,2
199,12.848734,12.264416,8.443303,33.921763,18.3789,32.425929,2
645,7.460092,5.436172,-0.0,149.439389,1.721032,40.0,2
693,14.978235,14.087126,8.653576,123.570117,21.774283,25.005453,2
30,15.042119,2.5678,-4.348994,37.155653,9.684112,31.615823,2
117,17.621128,8.075137,4.666667,114.198215,0.501571,37.221759,2
192,20.077833,11.63569,8.591082,3.334943,16.542449,38.136177,2
520,19.889357,0.953871,-4.333333,192.392932,12.450033,48.064721,2
456,16.078931,11.552396,8.535071,168.217266,18.320593,32.64158,2
172,20.725183,5.297379,4.712156,95.896909,9.437128,45.022311,2
354,21.109942,8.086897,4.666667,162.058958,17.99351,39.968682,2
411,16.194838,7.962964,4.666667,32.57978,16.727554,45.171252,2
187,16.103764,5.527269,4.788694,180.241619,12.873996,42.830776,2
851,6.10056,4.140376,-4.094402,128.463047,19.839021,41.33747,2
811,16.895326,2.364196,-4.337934,4.971047,16.729597,46.806638,2
622,14.790039,8.789806,4.477692,182.837564,6.348437,26.304607,2
248,15.814061,8.677876,4.668155,9.92638,6.321691,25.161239,2
291,9.570807,2.743837,-4.963858,171.379266,12.483461,49.831383,2
53,12.10853,9.82647,0.325684,167.411289,7.878824,39.334247,2
133,8.320241,2.727705,-5.588074,65.737922,10.419595,43.19722,2
577,18.139086,11.532814,8.521278,101.358905,1.154682,35.445769,2
483,18.614831,9.536801,4.704946,89.131242,0.68012,48.218118,2
412,18.041792,9.816686,4.745742,167.681154,12.850263,42.950419,2
56,14.557681,7.475461,4.238231,101.199891,20.441724,49.903183,2
4,14.616501,13.700638,8.602531,51.356913,18.061923,47.188993,2
508,21.652496,9.683278,4.724795,39.74735,11.687587,42.543539,2
694,12.278198,4.519591,-0.473203,14.042705,4.040865,39.032241,2
167,17.269648,14.130759,8.733333,170.970337,15.949823,40.0,2
413,11.84938,6.114288,-0.0,33.512186,8.864935,40.0,2
669,10.52885,6.255434,-0.0,183.153141,9.962093,40.0,2
553,14.067887,10.251238,3.880824,46.059833,5.476231,42.081169,2
491,19.422687,6.880882,4.669085,31.809511,8.353927,25.15546,2
482,16.673416,10.185251,4.99106,52.124736,21.468787,39.385845,2
500,10.124033,9.201911,-0.0,126.38616,6.235772,47.429991,2
794,18.449817,11.984404,8.731449,69.300398,19.490338,47.910642,2
430,13.966769,13.130574,8.49077,46.596307,11.983014,45.011998,2
824,14.702373,14.009899,8.615446,23.223703,15.10784,40.0,2
682,14.757353,0.951068,-4.358012,169.342192,9.612521,26.984555,2
922,16.967291,14.428471,8.733333,110.435005,6.566988,31.905775,2
787,14.773671,9.117989,4.460455,197.837162,14.69789,49.518588,2
101,21.763916,2.432735,-4.339415,167.651118,18.826982,42.988034,2
280,13.013578,2.967147,-4.408908,121.486522,7.334199,38.746796,2
302,18.395751,10.229579,5.0868,150.884916,11.945817,37.654972,2
294,19.552764,0.430112,-4.333333,195.797093,21.111404,27.122605,2
441,9.341854,3.821852,-5.347786,58.092498,0.300422,37.269828,2
765,15.158123,13.577021,8.675159,21.112226,17.099113,36.29918,2
97,16.044459,8.532355,4.666667,182.329485,17.093844,43.584188,2
492,20.178337,9.929171,4.765516,47.375957,19.896925,40.406705,2
666,20.430161,3.12692,-4.367753,73.006525,9.921197,49.987367,2
204,11.132492,7.992384,-0.0,176.067572,7.072408,40.0,2
919,12.224244,1.172633,-4.379033,29.531155,7.503429,26.866534,2
510,20.314037,9.589754,4.711523,198.43506,16.254111,47.03847,2
584,8.828683,2.321285,-5.262179,3.434508,13.527878,42.953963,2
365,13.372187,2.856499,-4.419783,46.956528,11.766298,48.394427,2
756,7.937732,0.930678,-5.953702,59.470859,2.498459,34.381723,2
394,17.134957,3.91092,-4.416725,25.107246,15.713333,49.739193,2
201,17.450629,9.664772,4.722442,39.644359,1.096865,34.364267,2
911,9.111009,6.758124,-0.0,165.314796,20.658068,40.0,2
100,15.603911,5.05684,4.672637,17.733168,13.447217,45.907548,2
42,18.491214,5.723377,4.833042,122.925392,10.158232,36.525665,2
521,13.244055,6.0687,2.70013,149.221094,20.495555,33.692379,2
29,12.618033,9.832168,1.569744,192.432206,8.777855,36.655909,2
216,13.815802,2.921464,-4.397245,162.795385,6.577212,26.763804,2
600,13.38928,0.824612,-4.418594,172.924403,17.848983,46.521892,2
582,18.099835,13.264215,8.733333,73.670168,19.985644,40.297045,2
804,14.616501,13.700638,8.602531,51.356913,18.061923,47.188993,2
689,7.290951,2.664037,-7.306979,136.295703,10.54722,28.274381,2
345,12.760654,4.036791,-3.200697,148.073094,6.13326,32.077143,2
173,18.647091,12.317911,8.733333,46.358322,0.223904,27.707342,2
269,10.241047,2.048297,-4.720182,78.610351,5.911672,48.135407,2
357,15.167111,2.671987,-4.347191,136.11324,19.793615,32.426755,2
653,18.416215,0.639786,-4.333333,14.672338,11.294008,39.130229,2
476,12.471489,8.643141,1.250697,180.933296,10.746685,43.748555,2
446,20.742283,11.707795,8.633916,40.739775,10.923821,35.412148,2
664,19.925549,13.108911,8.733333,65.248915,5.745876,37.574467,2
708,6.993436,4.962435,-0.109497,132.355239,9.74028,42.555892,2
614,15.435911,7.192851,4.678442,138.238267,1.184294,25.097224,2
383,18.318727,9.256363,4.676667,67.626463,10.043553,46.997032,2
323,13.415005,12.470696,8.379914,116.549361,4.793033,29.138721,2
690,15.253867,5.978842,4.781913,119.725705,12.429914,49.594712,2
306,17.293327,1.45095,-4.333333,163.800117,2.411917,27.122605,2
809,20.084017,14.362603,8.733333,181.288653,11.979483,31.981457,2
789,11.819991,1.572199,-4.366051,138.974642,12.110898,46.176421,2
901,21.763916,2.432735,-4.339415,167.651118,18.826982,42.988034,2
819,18.813468,11.88311,8.710609,143.886551,18.220736,32.960275,2
168,17.520796,14.342018,8.733333,192.480788,13.363147,37.806147,2
629,20.136046,13.361282,8.733333,45.562141,13.649354,49.908553,2
46,13.6839,7.346466,3.297574,47.073355,4.719269,45.11171,2
337,15.909212,5.586146,4.811359,77.238228,10.070585,48.026401,2
543,14.82012,8.791381,4.509458,151.182824,20.291876,26.12129,2
257,16.496783,10.187033,4.994528,45.241728,4.250451,34.823588,2
52,21.218071,10.19554,5.011175,44.253146,9.229389,34.4895,2
562,16.674196,6.448821,4.706711,91.975126,5.724523,47.142014,2
802,14.698109,13.586879,8.614814,86.302237,4.168373,40.0,2
110,17.911706,11.222274,8.669639,78.682301,19.773568,44.24063,2
697,19.501457,7.006023,4.666667,157.778264,7.303076,25.17049,2
526,14.548971,11.579706,7.260643,108.040808,12.5239,49.920149,2
897,16.044459,8.532355,4.666667,182.329485,17.093844,43.584188,2
882,13.817024,12.462429,8.461833,165.996486,16.825326,37.177427,2
414,18.316594,12.299718,8.733333,100.440123,11.220887,45.056469,2
858,11.796009,5.105786,-0.0,149.323444,5.588173,40.0,2
93,10.93846,7.961963,-0.0,142.081737,1.51356,40.0,2
94,12.485147,11.687508,5.83707,62.371989,4.03762,36.670451,2
153,21.106612,13.540742,8.733333,14.648687,18.955107,29.609832,2
703,6.675103,5.218188,-0.0,139.639953,5.531096,40.0,2
525,20.521495,9.418446,4.690964,192.398753,5.726998,25.019081,2
9,20.084017,14.362603,8.733333,181.288653,11.979483,31.981457,2
367,16.258164,6.910889,4.668067,10.287211,1.50416,25.161785,2
193,18.899776,7.301874,4.666667,160.184176,5.319309,25.17049,2
453,21.77068,6.936737,4.667511,160.104553,9.372899,25.165242,2
406,21.580537,10.498318,6.032546,70.002784,5.289318,40.0,2
5,10.955766,9.485389,-0.0,1.95173,14.033748,68.333333,3
7,10.037773,4.177473,-3.780947,55.878393,19.711002,50.696989,3
10,18.862776,14.473328,8.733333,78.536915,13.341729,63.47095,3
16,3.841922,2.128295,0.0,90.064763,7.303765,68.268108,3
17,12.069793,6.326419,0.211387,116.49406,18.47449,62.226541,3
22,8.427097,0.535675,-5.509081,74.769533,19.357439,69.419681,3
32,3.745589,0.477493,0.0,68.328821,7.172754,66.339246,3
44,18.006788,11.927999,8.722314,114.652077,16.570412,51.82973,3
45,21.317025,2.803089,-4.352375,157.945972,15.400939,67.990734,3
47,17.324761,6.683793,4.681215,89.603943,14.957903,71.874432,3
50,18.320822,11.3203,8.617869,99.257777,12.288441,51.822081,3
59,12.387536,8.779016,1.056502,47.386077,9.486806,50.144025,3
60,4.051338,3.357179,0.0,191.469056,15.45566,68.333333,3
70,6.22323,3.862624,-8.40181,45.977216,16.308688,50.358357,3
72,3.956451,3.814233,0.0,162.125621,18.641336,55.267187,3
73,16.354706,12.214272,8.733333,80.768674,14.957365,68.308631,3
77,5.022027,2.948929,-8.620209,102.281788,13.361478,59.889172,3
80,9.100542,7.099333,-0.0,111.31115,0.124367,55.439661,3
81,6.923889,5.274893,-0.0,105.87198,16.972673,72.608126,3
85,16.374603,13.757905,8.733333,63.566611,12.886434,55.577327,3
86,9.892307,4.287585,-3.011415,90.441491,3.831415,55.818306,3
91,12.731722,1.137814,-4.397289,104.927469,16.68028,61.873631,3
95,21.311279,14.01016,8.733333,58.291426,16.215598,57.538745,3
96,16.119228,1.948593,-4.333333,170.071467,15.327727,67.989083,3
98,11.729488,7.04086,-0.0,127.855229,11.041875,53.286788,3
99,3.805337,0.178531,0.0,51.07406,9.36093,54.637262,3
102,13.6332,11.914268,6.971202,116.943724,14.757536,52.869162,3
109,15.0284,10.338218,5.396578,88.505992,18.544884,55.87093,3
120,19.426052,6.640174,4.685234,95.215944,11.909787,55.664525,3
127,12.842428,1.266538,-4.402501,76.529246,11.171577,55.821514,3
130,16.294144,12.001027,8.733333,106.469987,15.3052,57.60429,3
131,8.410331,6.471207,-0.0,142.331341,13.813892,66.823875,3
138,14.787486,8.695569,4.475003,82.7773,12.926568,63.647739,3
139,11.554985,8.247903,-0.0,61.827285,19.307951,68.757684,3
144,9.213538,7.698743,-0.0,156.229054,18.938202,53.507458,3
148,3.834958,1.849784,0.0,84.845342,5.048313,68.333333,3
152,14.900497,0.744816,-4.353421,71.301787,5.129689,50.060119,3
154,18.215525,14.171808,8.733333,118.198291,15.658172,52.250799,3
160,2.411439,1.668041,0.0,189.264998,14.185469,68.333333,3
164,14.428594,6.058682,4.081164,99.589763,13.703368,62.45581,3
169,11.044931,8.628129,-0.0,135.788202,12.944062,60.984038,3
174,20.533068,0.231052,-4.333333,79.25805,13.394072,67.264235,3
180,10.688896,6.763856,-0.0,107.013421,0.196131,57.361685,3
186,16.518601,2.752667,-4.34996,106.19289,13.055252,58.898138,3
188,14.670875,9.384278,4.35489,108.110085,14.688999,58.944374,3
189,15.726928,11.703412,8.631511,86.396122,14.256597,68.305333,3
195,14.437108,6.701756,4.114688,95.694895,18.862229,55.611909,3
197,21.294236,7.62763,4.666667,73.818338,21.385962,53.043578,3
202,11.474248,5.679141,-0.0,39.014307,12.009497,58.134226,3
205,16.182346,5.260907,4.702901,94.220373,17.74227,57.267995,3
206,18.87351,14.085023,8.733333,80.793874,13.230773,62.754545,3
208,10.207085,8.252345,-0.0,193.784999,17.582071,59.224168,3
209,9.655407,9.337126,-0.0,81.491148,1.090425,68.333333,3
211,6.59266,3.116134,-8.586166,123.065019,14.37605,68.190337,3
212,17.206194,4.518695,2.39923,75.322216,10.772418,61.136095,3
214,19.0621,3.457322,-4.386656,156.970485,16.466778,59.391079,3
215,19.518936,12.664632,8.733333,92.990857,12.492505,56.547313,3
218,21.171572,2.560621,-4.343262,85.847709,19.504403,72.975434,3
223,7.813469,6.453111,-0.0,75.49102,0.607838,68.333333,3
230,12.222486,6.130798,0.639517,36.396093,18.289915,56.005046,3
235,17.254007,3.326201,-4.37879,128.548348,14.041362,71.385085,3
238,15.410189,4.781675,3.62109,41.694045,17.296414,52.477134,3
239,15.361801,6.362501,4.718337,90.993229,15.907979,70.495031,3
251,21.918004,14.446328,8.733333,48.216811,15.348291,52.949083,3
258,20.158039,5.932728,4.791327,107.357561,13.561269,56.32659,3
260,19.314131,14.81973,8.733333,69.51343,12.312914,56.922969,3
265,3.675054,1.480684,0.0,143.127081,17.057355,61.464267,3
266,15.068393,3.928068,-4.417573,115.547775,13.369993,62.465762,3
267,20.976069,5.030353,4.667477,86.659795,20.856052,53.037177,3
271,20.889893,1.601428,-4.333333,126.666716,16.988548,57.657303,3
273,21.829361,7.412609,4.666667,65.588319,14.97979,65.892341,3
278,10.032391,5.012446,-0.0,46.448029,0.652691,51.790759,3
282,17.693041,11.161114,8.695623,81.491902,12.219758,56.745452,3
287,15.783025,9.264996,4.677275,88.188655,21.80647,52.959701,3
290,21.948687,8.650823,4.666667,94.152649,16.258481,65.299087,3
295,14.010473,7.348521,3.667857,56.65358,14.219613,61.2555,3
299,11.984151,7.507074,-0.0,122.173796,0.326785,50.102339,3
303,0.845878,0.636467,0.0,69.252143,1.313203,67.413142,3
304,18.718719,1.071682,-4.333333,83.725083,14.476667,73.00879,3
312,11.605172,7.778924,-0.0,99.515402,2.917524,61.060445,3
316,10.399282,6.806966,-0.0,31.300369,18.33367,56.663632,3
317,9.233793,6.485873,-0.0,91.461744,4.48174,66.913924,3
321,4.693784,2.600829,0.0,179.084703,18.839717,54.147881,3
322,8.804478,5.864067,0.0,116.503705,19.795072,60.118852,3
327,9.299991,7.903137,-0.0,81.546162,10.326657,69.388729,3
332,9.253512,6.474768,-0.0,121.191811,19.150458,58.383253,3
333,7.61059,0.232307,-6.464851,50.896169,13.264904,51.820618,3
335,12.451661,2.507526,-4.387164,80.358184,19.025657,72.827912,3
336,20.0892,1.593245,-4.333333,81.274664,1.278408,50.161879,3
338,4.903786,2.971776,0.0,121.960365,15.888612,73.51449,3
343,21.948255,0.790155,-4.333333,153.919386,17.123934,51.510237,3
347,10.113722,8.218064,-0.0,164.815643,19.022796,52.904294,3
350,21.401483,14.745787,8.733333,61.873848,13.148399,56.101669,3
351,16.993796,4.521824,2.415721,104.60596,10.546897,52.378563,3
355,11.91003,10.471583,3.369894,111.399652,15.595998,62.371289,3
356,18.766464,9.997919,4.777408,52.592807,16.350853,55.389495,3
360,17.138249,2.566816,-4.343447,76.913379,0.095372,50.110675,3
361,18.45543,0.489012,-4.333333,107.720288,18.218103,50.141867,3
366,10.974587,5.533748,-0.0,105.711818,6.368667,57.95309,3
373,21.478232,2.863855,-4.354945,81.902987,19.776674,72.936179,3
378,3.986805,3.392815,0.0,65.161253,7.668649,63.219783,3
382,8.421348,4.35661,-2.555411,108.659887,16.291585,72.882819,3
384,15.234509,3.979214,-4.420571,166.466732,14.701485,67.998156,3
385,18.055778,12.365644,8.733333,110.514436,15.383414,55.79483,3
389,14.73632,8.76104,4.421586,109.280379,14.571738,58.355998,3
390,6.527014,1.616535,-8.668562,69.33635,19.259099,66.220445,3
396,18.463038,0.337689,-4.333333,5.0301,14.765607,50.161879,3
399,9.59079,2.422271,-4.92578,156.2748,15.732355,68.049062,3
400,18.266883,2.681493,-4.347558,73.457183,11.105834,55.86326,3
416,14.673598,14.52974,8.611165,71.08143,14.330104,68.304672,3
417,9.146753,7.970009,-0.0,9.415542,16.361535,65.544801,3
419,14.882105,1.584438,-4.354095,79.567825,1.971463,50.056699,3
422,8.261196,6.351794,-0.0,187.224036,17.056707,61.467412,3
425,8.837047,2.304851,-5.257779,87.594636,19.913483,70.122509,3
428,9.621657,7.907141,-0.0,122.061406,19.013603,58.727402,3
433,10.155043,9.565636,-0.0,165.289908,19.217268,51.277452,3
437,13.961203,4.335969,1.195996,44.692395,12.41374,60.63751,3
440,2.169429,1.019892,0.0,165.982828,15.855915,68.333333,3
442,4.221583,3.3606,0.0,80.510878,8.229324,68.330497,3
450,18.766341,5.801568,4.816359,95.157125,11.298388,52.023074,3
458,17.506577,11.771089,8.666506,86.013893,11.654405,53.323005,3
459,11.087798,7.070357,-0.0,114.447844,18.239776,64.107865,3
466,13.782635,9.110838,3.413241,114.594273,15.032774,62.143765,3
467,17.947919,2.876179,-4.355348,169.944411,13.388309,57.285189,3
470,14.861255,13.761365,8.638011,117.672337,13.857975,52.000597,3
471,4.423155,4.035924,0.0,192.693693,12.216768,56.728248,3
474,20.928308,4.312473,1.049106,104.317935,0.021987,55.701759,3
478,20.566222,8.198897,4.666667,87.797933,14.670449,71.921261,3
485,3.62185,3.134024,0.0,39.240984,18.979887,55.741506,3
487,15.471957,3.543459,-4.392056,96.658914,18.353944,60.435096,3
488,12.323964,1.790944,-4.38265,67.562409,17.899006,66.338383,3
489,13.908833,9.109559,3.557201,159.697166,13.837408,53.023691,3
499,15.716216,3.846615,-4.411708,80.37668,18.693004,72.746452,3
501,14.129484,8.733737,3.796463,197.047328,15.014069,52.737076,3
505,13.119339,4.771111,1.742182,96.807703,5.506729,56.535425,3
506,17.083468,1.788218,-4.333333,127.806219,17.849626,50.115146,3
509,21.821929,7.191948,4.666667,79.073255,17.613706,60.399365,3
511,13.548716,8.170742,3.13036,80.470323,3.116586,55.596151,3
518,13.811684,1.586974,-4.397398,123.618248,14.084273,72.793518,3
519,4.675779,1.645462,0.0,113.428872,3.584671,54.495901,3
522,9.867117,6.725594,-0.0,132.50322,17.228241,61.457183,3
523,20.342961,5.487243,4.773315,104.662664,15.085117,59.54606,3
529,5.228596,2.880425,-8.633221,103.943232,20.037649,51.515488,3
532,16.165465,1.4073,-4.333333,66.040449,20.367816,63.171878,3
533,11.882151,7.881066,-0.0,45.94024,3.934479,51.432019,3
535,20.424833,12.917097,8.733333,62.184543,13.794117,59.774909,3
536,13.016798,7.2728,2.324046,45.686464,20.090012,51.953576,3
537,13.917164,5.901845,3.53212,130.399433,14.607302,56.27279,3
539,20.197747,11.118869,8.70998,55.086276,16.280167,55.71736,3
550,12.661307,5.388423,1.660498,93.240367,19.457299,68.424161,3
551,12.327228,11.045101,4.803678,65.130655,15.678229,65.013784,3
555,11.900513,6.634581,-0.0,120.631264,16.879359,67.797677,3
557,14.274577,4.962868,3.811453,89.685576,15.076348,74.809043,3
559,11.15746,4.054056,-4.159855,102.762967,16.427062,66.049261,3
560,10.537888,2.955807,-4.690947,81.546032,21.499624,71.8431,3
563,21.573775,13.316564,8.733333,90.176551,19.30433,50.343872,3
569,7.037451,5.660933,-0.0,43.936262,11.697171,59.924102,3
573,5.113069,4.913482,-0.228826,90.374922,11.347003,72.091323,3
574,16.510592,10.068966,4.822126,66.685637,17.394188,58.372215,3
579,21.766183,12.929707,8.733333,85.43871,14.92851,68.308631,3
590,12.2899,4.777864,0.152055,18.897713,13.692612,65.316105,3
593,14.144104,1.675586,-4.382472,58.860525,21.791247,52.492834,3
598,11.193901,7.425087,-0.0,127.430245,16.448555,67.762402,3
624,19.305813,9.996243,4.777112,59.106839,13.072272,55.364377,3
638,7.494981,7.264448,-0.0,88.317811,1.184135,68.333333,3
639,20.728809,12.672835,8.733333,89.243122,18.968123,53.301044,3
640,4.613375,3.141076,0.0,93.132482,9.744563,65.098692,3
643,5.171121,0.479865,-8.73029,180.732905,14.96869,68.308533,3
648,3.957492,2.887656,0.0,26.366133,16.241654,66.405543,3
651,2.586265,2.197724,0.0,29.14642,16.332191,65.751541,3
657,11.55806,10.427446,3.222478,98.52772,21.853541,57.626424,3
659,9.545251,8.037016,-0.0,178.024696,16.562873,64.207297,3
661,4.742292,1.858984,0.0,56.441033,13.134995,72.863152,3
667,21.823742,8.474694,4.666667,61.829924,14.081639,62.293924,3
670,4.994862,3.089633,0.0,27.095641,14.348391,68.333333,3
671,18.17057,14.218997,8.733333,66.423578,18.193963,55.007263,3
674,3.779033,2.130617,0.0,123.057648,19.453089,55.886268,3
675,15.400079,2.496907,-4.341372,116.626594,15.412749,72.981782,3
677,10.896724,8.605646,-0.0,5.866469,16.7163,63.274687,3
699,8.814642,0.378423,-5.269591,47.573758,14.176062,54.611901,3
704,13.264301,6.6904,2.732283,146.748427,12.728591,50.922496,3
706,8.412342,2.656613,-5.51963,103.254113,19.703124,51.935824,3
717,6.992143,6.972599,-0.0,58.037113,18.569776,67.333464,3
721,6.052111,2.671754,-8.668865,53.438811,16.038795,55.785545,3
725,20.971744,5.037735,4.667757,81.366027,13.051187,63.912769,3
730,10.992954,7.027023,-0.0,53.549507,0.039585,55.995351,3
731,14.250583,13.681987,8.542405,50.016924,15.658803,54.037476,3
735,21.38489,8.427921,4.666667,118.316707,13.16028,53.26041,3
736,11.046335,2.762911,-4.527959,40.659829,13.294897,50.83524,3
745,18.50032,6.625831,4.686532,103.153131,12.327333,52.25314,3
746,5.170437,0.199248,-8.730302,167.568138,13.479996,61.792499,3
748,19.92218,2.949873,-4.359077,99.645586,17.559118,56.716206,3
749,19.041444,1.400558,-4.333333,55.522224,17.504116,52.208281,3
750,11.60862,4.610503,-1.05676,130.503992,17.18403,59.235308,3
757,19.424743,4.47366,2.15542,79.283707,20.083259,69.673849,3
758,10.120437,0.695269,-4.754122,84.151137,10.596454,51.252001,3
759,20.620942,7.581422,4.666667,62.295072,18.739731,52.098416,3
762,16.145209,1.348375,-4.333333,80.417724,5.438397,50.161879,3
763,4.940095,1.212936,0.0,59.036161,1.192155,58.979179,3
764,15.138827,11.658608,8.605262,61.299356,13.397152,57.240834,3
766,12.511442,8.006579,1.340871,118.765521,11.24341,54.919766,3
770,14.132377,4.409596,1.720931,56.719083,7.303945,52.730414,3
772,5.430643,0.155049,-8.724273,174.180438,13.764001,65.083676,3
774,11.865766,10.018742,0.252486,180.944396,16.521678,63.55427,3
780,10.691138,4.319655,-2.552221,100.946464,6.054323,51.332656,3
781,12.580213,10.38798,3.193281,80.991696,0.132241,55.336837,3
782,8.366406,8.350048,-0.0,34.714432,17.642063,58.888307,3
783,11.027037,5.947812,0.0,115.036722,10.942982,56.723995,3
786,14.26119,5.063758,3.933311,103.986451,15.902559,61.861812,3
790,17.211448,1.918326,-4.333333,82.284365,21.117252,73.00879,3
792,15.758882,7.278441,4.669143,58.566311,17.788556,51.395004,3
805,10.955766,9.485389,-0.0,1.95173,14.033748,68.333333,3
807,10.037773,4.177473,-3.780947,55.878393,19.711002,50.696989,3
810,18.862776,14.473328,8.733333,78.536915,13.341729,63.47095,3
816,3.841922,2.128295,0.0,90.064763,7.303765,68.268108,3
817,12.069793,6.326419,0.211387,116.49406,18.47449,62.226541,3
822,8.427097,0.535675,-5.509081,74.769533,19.357439,69.419681,3
832,3.745589,0.477493,0.0,68.328821,7.172754,66.339246,3
844,18.006788,11.927999,8.722314,114.652077,16.570412,51.82973,3
845,21.317025,2.803089,-4.352375,157.945972,15.400939,67.990734,3
847,17.324761,6.683793,4.681215,89.603943,14.957903,71.874432,3
850,18.320822,11.3203,8.617869,99.257777,12.288441,51.822081,3
859,12.387536,8.779016,1.056502,47.386077,9.486806,50.144025,3
860,4.051338,3.357179,0.0,191.469056,15.45566,68.333333,3
870,6.22323,3.862624,-8.40181,45.977216,16.308688,50.358357,3
872,3.956451,3.814233,0.0,162.125621,18.641336,55.267187,3
873,16.354706,12.214272,8.733333,80.768674,14.957365,68.308631,3
877,5.022027,2.948929,-8.620209,102.281788,13.361478,59.889172,3
880,9.100542,7.099333,-0.0,111.31115,0.124367,55.439661,3
881,6.923889,5.274893,-0.0,105.87198,16.972673,72.608126,3
885,16.374603,13.757905,8.733333,63.566611,12.886434,55.577327,3
886,9.892307,4.287585,-3.011415,90.441491,3.831415,55.818306,3
891,12.731722,1.137814,-4.397289,104.927469,16.68028,61.873631,3
895,21.311279,14.01016,8.733333,58.291426,16.215598,57.538745,3
896,16.119228,1.948593,-4.333333,170.071467,15.327727,67.989083,3
898,11.729488,7.04086,-0.0,127.855229,11.041875,53.286788,3
899,3.805337,0.178531,0.0,51.07406,9.36093,54.637262,3
902,13.6332,11.914268,6.971202,116.943724,14.757536,52.869162,3
909,15.0284,10.338218,5.396578,88.505992,18.544884,55.87093,3
920,19.426052,6.640174,4.685234,95.215944,11.909787,55.664525,3
927,12.842428,1.266538,-4.402501,76.529246,11.171577,55.821514,3
930,16.294144,12.001027,8.733333,106.469987,15.3052,57.60429,3
931,8.410331,6.471207,-0.0,142.331341,13.813892,66.823875,3
34,2.836233,0.692571,0.0,78.133507,19.679015,85.495664,4
38,6.334251,4.756492,-0.635086,74.944493,15.57624,85.297977,4
40,2.769136,0.516691,0.0,87.008144,19.169085,84.912249,4
105,3.928759,2.484731,0.0,116.928261,15.48732,75.70858,4
232,4.32432,3.933176,0.0,92.69785,16.672452,81.821288,4
261,3.521156,0.566083,0.0,92.246352,20.785248,81.95565,4
388,11.032335,5.158155,-0.0,71.300723,19.310806,85.080623,4
397,8.544002,6.37889,-0.0,82.885776,14.353258,87.0,4
407,10.103386,9.577961,-0.0,57.416923,15.067987,80.681029,4
420,12.132461,9.16438,0.395249,66.733636,18.171241,77.593497,4
457,12.914373,4.837077,1.602353,70.901249,15.986016,82.452007,4
463,11.686994,7.10229,-0.0,77.825753,12.932054,82.112431,4
635,1.3494,0.254744,0.0,57.203654,13.422029,75.460112,4
715,4.377756,4.31774,0.0,93.482005,19.481467,77.87009,4
739,2.15873,2.011844,0.0,100.34021,15.156534,82.554906,4
834,2.836233,0.692571,0.0,78.133507,19.679015,85.495664,4
838,6.334251,4.756492,-0.635086,74.944493,15.57624,85.297977,4
840,2.769136,0.516691,0.0,87.008144,19.169085,84.912249,4
905,3.928759,2.484731,0.0,116.928261,15.48732,75.70858,4
